1	217
2	67
3	176
4	55
5	20
6	3
7	29
8	159
9	175
10	175
11	102
12	91
13	32
14	138
15	205
16	226
17	112
18	168
19	96
20	35
21	162
22	82
23	230
24	158
25	174
26	91
27	201
28	154
29	169
30	17
31	36
32	213
33	84
34	63
35	64
36	206
37	70
38	42
39	212
40	100
41	40
42	71
43	91
44	171
45	214
46	229
47	24
48	159
49	23
50	174
51	88
52	197
53	146
54	147
55	90
56	94
57	7
58	54
59	79
60	31
61	176
62	201
63	47
64	202
65	61
66	138
67	108
68	100
69	167
70	23
71	143
72	53
73	103
74	170
75	106
76	60
77	113
78	23
79	170
80	144
81	175
82	210
83	79
84	108
85	13
86	129
87	32
88	139
89	82
90	134
91	71
92	208
93	36
94	95
95	138
96	37
97	91
98	156
99	215
100	40
101	51
102	169
103	170
104	60
105	133
106	170
107	132
108	24
109	112
110	178
111	78
112	75
113	36
114	208
115	86
116	59
117	182
118	230
119	74
120	121
121	32
122	62
123	190
124	104
125	17
126	95
127	172
128	44
129	214
130	137
131	26
132	57
133	188
134	159
135	228
136	45
137	65
138	2
139	147
140	162
141	159
142	24
143	180
144	7
145	89
146	142
147	87
148	150
149	105
150	105
151	47
152	42
153	61
154	190
155	170
156	76
157	184
158	133
159	178
160	177
161	143
162	156
163	120
164	89
165	135
166	79
167	62
168	126
169	133
170	230
171	40
172	199
173	70
174	124
175	86
176	112
177	12
178	128
179	162
180	202
181	37
182	40
183	202
184	65
185	7
186	2
187	143
188	26
189	201
190	180
191	176
192	144
193	47
194	190
195	1
196	9
197	67
198	101
199	41
200	176
201	31
202	95
203	184
204	62
205	184
206	74
207	178
208	151
209	78
210	90
211	214
212	177
213	48
214	95
215	115
216	106
217	45
218	7
219	110
220	66
221	26
222	170
223	146
224	106
225	208
226	31
227	71
228	37
229	58
230	230
231	151
232	44
233	204
234	26
235	115
236	93
237	82
238	184
239	104
240	192
241	193
242	199
243	170
244	23
245	77
246	185
247	165
248	147
249	40
250	40
251	185
252	189
253	144
254	4
255	36
256	201
257	125
258	185
259	4
260	199
261	94
262	160
263	209
264	29
265	211
266	3
267	41
268	45
269	208
270	77
271	208
272	108
273	223
274	151
275	78
276	44
277	165
278	106
279	213
280	133
281	99
282	140
283	164
284	4
285	101
286	39
287	85
288	77
289	118
290	189
291	91
292	66
293	16
294	89
295	104
296	199
297	72
298	209
299	122
300	75
301	23
302	78
303	82
304	216
305	116
306	41
307	219
308	146
309	47
310	10
311	63
312	118
313	228
314	218
315	60
316	124
317	225
318	49
319	19
320	20
321	36
322	222
323	28
324	191
325	112
326	65
327	94
328	130
329	45
330	91
331	199
332	114
333	138
334	31
335	214
336	71
337	38
338	196
339	71
340	162
341	106
342	210
343	109
344	229
345	175
346	144
347	215
348	194
349	197
350	184
351	36
352	60
353	201
354	62
355	22
356	215
357	113
358	138
359	227
360	105
361	204
362	26
363	176
364	178
365	137
366	4
367	150
368	196
369	107
370	163
371	171
372	189
373	13
374	40
375	150
376	116
377	78
378	202
379	120
380	199
381	16
382	22
383	52
384	100
385	101
386	37
387	213
388	47
389	184
390	151
391	113
392	190
393	178
394	202
395	81
396	15
397	63
398	39
399	95
400	61
401	216
402	9
403	36
404	208
405	179
406	227
407	94
408	62
409	88
410	29
411	175
412	77
413	71
414	169
415	78
416	97
417	113
418	95
419	76
420	162
421	128
422	209
423	11
424	2
425	123
426	49
427	102
428	123
429	15
430	121
431	49
432	110
433	164
434	134
435	142
436	98
437	108
438	191
439	113
440	172
441	93
442	190
443	34
444	145
445	190
446	34
447	32
448	160
449	171
450	76
451	121
452	143
453	161
454	189
455	45
456	106
457	12
458	177
459	72
460	10
461	205
462	19
463	50
464	143
465	218
466	60
467	37
468	30
469	142
470	230
471	74
472	32
473	170
474	23
475	56
476	206
477	132
478	124
479	160
480	100
481	2
482	182
483	29
484	70
485	32
486	160
487	194
488	104
489	77
490	60
491	81
492	212
493	2
494	142
495	162
496	154
497	155
498	192
499	208
500	169
501	135
502	196
503	202
504	208
505	187
506	206
507	203
508	74
509	88
510	159
511	196
512	218
513	215
514	9
515	161
516	138
517	31
518	166
519	172
520	141
521	70
522	56
523	15
524	138
525	190
526	15
527	219
528	40
529	32
530	162
531	143
532	101
533	88
534	151
535	23
536	193
537	103
538	156
539	100
540	122
541	230
542	131
543	153
544	24
545	37
546	35
547	170
548	93
549	153
550	23
551	187
552	99
553	55
554	60
555	149
556	121
557	200
558	199
559	27
560	230
561	184
562	95
563	88
564	210
565	142
566	70
567	116
568	139
569	114
570	10
571	55
572	199
573	133
574	102
575	66
576	41
577	153
578	77
579	214
580	109
581	111
582	98
583	136
584	31
585	189
586	41
587	147
588	35
589	36
590	185
591	104
592	151
593	174
594	175
595	145
596	63
597	196
598	145
599	29
600	59
601	116
602	210
603	17
604	28
605	29
606	108
607	67
608	129
609	36
610	136
611	225
612	117
613	4
614	18
615	206
616	36
617	23
618	61
619	61
620	55
621	100
622	140
623	225
624	165
625	90
626	81
627	229
628	228
629	64
630	67
631	74
632	23
633	3
634	64
635	110
636	171
637	215
638	151
639	146
640	100
641	107
642	124
643	37
644	197
645	12
646	5
647	101
648	124
649	157
650	104
651	162
652	15
653	125
654	173
655	5
656	97
657	60
658	34
659	170
660	218
661	149
662	190
663	129
664	151
665	119
666	100
667	7
668	122
669	203
670	230
671	190
672	20
673	94
674	75
675	124
676	60
677	149
678	86
679	94
680	143
681	115
682	22
683	67
684	202
685	177
686	44
687	213
688	91
689	151
690	13
691	94
692	1
693	84
694	122
695	101
696	74
697	41
698	68
699	66
700	225
701	97
702	186
703	142
704	219
705	210
706	118
707	14
708	15
709	47
710	23
711	116
712	69
713	206
714	202
715	116
716	101
717	170
718	106
719	132
720	118
721	10
722	26
723	221
724	26
725	113
726	108
727	151
728	160
729	90
730	178
731	199
732	199
733	94
734	178
735	168
736	35
737	208
738	214
739	120
740	147
741	212
742	106
743	68
744	19
745	107
746	99
747	126
748	26
749	2
750	115
751	143
752	100
753	10
754	93
755	143
756	117
757	176
758	110
759	129
760	160
761	65
762	161
763	199
764	189
765	214
766	112
767	67
768	133
769	45
770	53
771	24
772	203
773	31
774	40
775	132
776	55
777	11
778	36
779	222
780	19
781	5
782	121
783	151
784	145
785	148
786	79
787	221
788	61
789	24
790	65
791	147
792	106
793	55
794	211
795	206
796	10
797	106
798	162
799	190
800	142
801	26
802	107
803	36
804	41
805	184
806	206
807	144
808	122
809	210
810	65
811	230
812	32
813	132
814	100
815	29
816	219
817	196
818	214
819	150
820	15
821	48
822	13
823	100
824	23
825	229
826	75
827	112
828	197
829	218
830	177
831	7
832	175
833	162
834	178
835	84
836	10
837	193
838	202
839	7
840	224
841	133
842	38
843	29
844	122
845	17
846	195
847	40
848	49
849	55
850	94
851	24
852	160
853	162
854	33
855	3
856	10
857	15
858	116
859	120
860	138
861	29
862	220
863	169
864	22
865	115
866	89
867	100
868	175
869	215
870	136
871	24
872	94
873	106
874	221
875	180
876	93
877	116
878	110
879	101
880	82
881	228
882	26
883	218
884	169
885	208
886	81
887	3
888	220
889	122
890	211
891	179
892	193
893	5
894	26
895	15
896	50
897	6
898	127
899	19
900	161
901	115
902	221
903	53
904	90
905	13
906	68
907	90
908	26
909	19
910	115
911	115
912	147
913	138
914	169
915	86
916	101
917	84
918	39
919	41
920	175
921	48
922	121
923	65
924	93
925	109
926	227
927	147
928	103
929	14
930	70
931	106
932	22
933	208
934	104
935	198
936	147
937	10
938	175
939	197
940	208
941	151
942	10
943	114
944	172
945	132
946	46
947	202
948	122
949	53
950	155
951	179
952	1
953	230
954	29
955	170
956	82
957	88
958	136
959	70
960	112
961	119
962	201
963	70
964	183
965	143
966	107
967	99
968	92
969	166
970	185
971	160
972	50
973	170
974	36
975	67
976	210
977	152
978	24
979	24
980	70
981	103
982	138
983	60
984	122
985	206
986	82
987	104
988	65
989	113
990	101
991	209
992	78
993	91
994	75
995	95
996	209
997	194
998	9
999	50
1000	87
1001	113
1002	218
1003	159
1004	23
1005	151
1006	41
1007	125
1008	84
1009	177
1010	44
1011	172
1012	104
1013	91
1014	192
1015	121
1016	71
1017	22
1018	172
1019	21
1020	203
1021	133
1022	220
1023	40
1024	190
1025	135
1026	187
1027	211
1028	70
1029	230
1030	167
1031	93
1032	132
1033	41
1034	50
1035	136
1036	54
1037	104
1038	131
1039	182
1040	197
1041	219
1042	104
1043	184
1044	121
1045	55
1046	166
1047	121
1048	81
1049	62
1050	122
1051	127
1052	160
1053	2
1054	63
1055	143
1056	93
1057	22
1058	230
1059	141
1060	124
1061	147
1062	40
1063	98
1064	124
1065	159
1066	116
1067	48
1068	183
1069	5
1070	38
1071	176
1072	100
1073	203
1074	15
1075	34
1076	44
1077	139
1078	172
1079	5
1080	75
1081	187
1082	5
1083	180
1084	43
1085	98
1086	15
1087	205
1088	201
1089	76
1090	1
1091	78
1092	113
1093	155
1094	112
1095	197
1096	138
1097	10
1098	208
1099	190
1100	70
1101	104
1102	172
1103	32
1104	45
1105	5
1106	161
1107	29
1108	115
1109	137
1110	85
1111	197
1112	220
1113	172
1114	23
1115	174
1116	20
1117	72
1118	73
1119	31
1120	103
1121	119
1122	23
1123	113
1124	154
1125	2
1126	158
1127	40
1128	218
1129	83
1130	48
1131	151
1132	56
1133	9
1134	142
1135	47
1136	141
1137	32
1138	18
1139	10
1140	62
1141	108
1142	55
1143	132
1144	153
1145	142
1146	165
1147	113
1148	33
1149	86
1150	55
1151	81
1152	9
1153	216
1154	45
1155	131
1156	84
1157	217
1158	201
1159	170
1160	212
1161	60
1162	190
1163	169
1164	108
1165	59
1166	155
1167	41
1168	161
1169	33
1170	179
1171	202
1172	170
1173	70
1174	201
1175	44
1176	84
1177	123
1178	135
1179	142
1180	172
1181	209
1182	94
1183	158
1184	133
1185	12
1186	193
1187	101
1188	19
1189	61
1190	103
1191	122
1192	196
1193	15
1194	216
1195	92
1196	225
1197	36
1198	63
1199	7
1200	32
1201	76
1202	40
1203	94
1204	59
1205	208
1206	199
1207	217
1208	208
1209	98
1210	147
1211	59
1212	82
1213	204
1214	139
1215	31
1216	32
1217	111
1218	62
1219	186
1220	10
1221	187
1222	94
1223	184
1224	24
1225	125
1226	100
1227	44
1228	190
1229	23
1230	69
1231	32
1232	134
1233	88
1234	18
1235	40
1236	206
1237	208
1238	230
1239	151
1240	75
1241	116
1242	98
1243	221
1244	47
1245	143
1246	15
1247	99
1248	196
1249	219
1250	21
1251	30
1252	132
1253	99
1254	178
1255	185
1256	5
1257	24
1258	151
1259	120
1260	24
1261	160
1262	230
1263	228
1264	80
1265	185
1266	109
1267	175
1268	110
1269	190
1270	26
1271	165
1272	10
1273	125
1274	147
1275	213
1276	121
1277	15
1278	66
1279	69
1280	214
1281	210
1282	207
1283	212
1284	34
1285	64
1286	194
1287	229
1288	170
1289	120
1290	207
1291	69
1292	188
1293	29
1294	159
1295	66
1296	109
1297	75
1298	90
1299	94
1300	209
1301	28
1302	147
1303	115
1304	171
1305	99
1306	102
1307	177
1308	90
1309	44
1310	104
1311	82
1312	2
1313	145
1314	197
1315	126
1316	206
1317	184
1318	10
1319	167
1320	202
1321	194
1322	77
1323	124
1324	65
1325	118
1326	161
1327	190
1328	103
1329	173
1330	214
1331	200
1332	83
1333	230
1334	221
1335	11
1336	8
1337	143
1338	11
1339	49
1340	97
1341	143
1342	43
1343	172
1344	161
1345	180
1346	75
1347	170
1348	56
1349	30
1350	190
1351	12
1352	113
1353	147
1354	22
1355	178
1356	7
1357	170
1358	157
1359	210
1360	184
1361	99
1362	19
1363	78
1364	159
1365	194
1366	78
1367	15
1368	138
1369	219
1370	62
1371	199
1372	101
1373	75
1374	185
1375	79
1376	218
1377	26
1378	196
1379	209
1380	63
1381	120
1382	141
1383	55
1384	23
1385	77
1386	22
1387	230
1388	108
1389	36
1390	215
1391	71
1392	24
1393	180
1394	16
1395	170
1396	199
1397	138
1398	159
1399	75
1400	113
1401	88
1402	142
1403	86
1404	59
1405	216
1406	185
1407	115
1408	57
1409	133
1410	42
1411	98
1412	101
1413	129
1414	190
1415	36
1416	63
1417	215
1418	108
1419	5
1420	20
1421	216
1422	63
1423	161
1424	180
1425	217
1426	162
1427	4
1428	12
1429	213
1430	7
1431	37
1432	47
1433	53
1434	26
1435	3
1436	101
1437	145
1438	191
1439	42
1440	19
1441	230
1442	191
1443	5
1444	172
1445	194
1446	95
1447	131
1448	157
1449	129
1450	163
1451	11
1452	175
1453	55
1454	55
1455	90
1456	215
1457	62
1458	139
1459	113
1460	142
1461	62
1462	83
1463	53
1464	121
1465	107
1466	225
1467	143
1468	38
1469	161
1470	22
1471	98
1472	86
1473	139
1474	78
1475	178
1476	29
1477	167
1478	59
1479	10
1480	161
1481	123
1482	211
1483	2
1484	63
1485	77
1486	212
1487	47
1488	170
1489	7
1490	6
1491	201
1492	37
1493	60
1494	187
1495	202
1496	101
1497	10
1498	172
1499	218
1500	147
1501	100
1502	170
1503	33
1504	67
1505	216
1506	113
1507	63
1508	41
1509	60
1510	219
1511	60
1512	17
1513	214
1514	10
1515	138
1516	93
1517	17
1518	4
1519	102
1520	9
1521	47
1522	34
1523	156
1524	175
1525	122
1526	211
1527	117
1528	229
1529	113
1530	117
1531	95
1532	93
1533	58
1534	225
1535	26
1536	68
1537	29
1538	138
1539	85
1540	211
1541	133
1542	47
1543	215
1544	37
1545	207
1546	109
1547	183
1548	198
1549	14
1550	69
1551	60
1552	217
1553	96
1554	93
1555	218
1556	138
1557	65
1558	187
1559	55
1560	50
1561	29
1562	197
1563	172
1564	113
1565	10
1566	24
1567	162
1568	160
1569	190
1570	21
1571	162
1572	219
1573	222
1574	160
1575	204
1576	119
1577	213
1578	110
1579	29
1580	23
1581	163
1582	63
1583	78
1584	61
1585	129
1586	10
1587	213
1588	116
1589	44
1590	65
1591	194
1592	67
1593	30
1594	185
1595	58
1596	63
1597	103
1598	140
1599	206
1600	210
1601	172
1602	146
1603	41
1604	37
1605	9
1606	36
1607	143
1608	196
1609	190
1610	116
1611	10
1612	78
1613	206
1614	31
1615	220
1616	78
1617	102
1618	116
1619	22
1620	7
1621	131
1622	7
1623	137
1624	230
1625	157
1626	20
1627	77
1628	74
1629	7
1630	183
1631	201
1632	130
1633	168
1634	140
1635	211
1636	138
1637	137
1638	209
1639	57
1640	213
1641	230
1642	75
1643	103
1644	214
1645	92
1646	210
1647	163
1648	203
1649	78
1650	145
1651	189
1652	146
1653	108
1654	12
1655	67
1656	113
1657	177
1658	84
1659	132
1660	164
1661	143
1662	173
1663	20
1664	19
1665	199
1666	152
1667	193
1668	183
1669	46
1670	12
1671	5
1672	4
1673	4
1674	195
1675	15
1676	78
1677	104
1678	10
1679	122
1680	127
1681	220
1682	115
1683	209
1684	151
1685	159
1686	67
1687	73
1688	158
1689	104
1690	23
1691	185
1692	24
1693	184
1694	114
1695	31
1696	176
1697	124
1698	91
1699	60
1700	175
1701	161
1702	186
1703	126
1704	21
1705	54
1706	106
1707	172
1708	201
1709	24
1710	4
1711	174
1712	75
1713	176
1714	199
1715	90
1716	162
1717	213
1718	161
1719	207
1720	219
1721	79
1722	227
1723	161
1724	21
1725	71
1726	221
1727	63
1728	133
1729	181
1730	3
1731	81
1732	213
1733	195
1734	132
1735	23
1736	26
1737	136
1738	147
1739	64
1740	209
1741	206
1742	34
1743	68
1744	35
1745	94
1746	140
1747	74
1748	220
1749	147
1750	2
1751	24
1752	196
1753	151
1754	105
1755	64
1756	101
1757	148
1758	128
1759	41
1760	175
1761	14
1762	142
1763	224
1764	196
1765	107
1766	143
1767	123
1768	217
1769	2
1770	202
1771	51
1772	178
1773	54
1774	71
1775	28
1776	133
1777	176
1778	62
1779	144
1780	37
1781	145
1782	185
1783	190
1784	44
1785	151
1786	193
1787	175
1788	187
1789	213
1790	121
1791	78
1792	15
1793	101
1794	81
1795	175
1796	98
1797	219
1798	113
1799	62
1800	63
1801	16
1802	19
1803	61
1804	173
1805	147
1806	90
1807	8
1808	89
1809	163
1810	91
1811	156
1812	117
1813	128
1814	166
1815	47
1816	26
1817	199
1818	36
1819	28
1820	228
1821	133
1822	194
1823	41
1824	115
1825	180
1826	215
1827	115
1828	47
1829	38
1830	181
1831	190
1832	60
1833	36
1834	208
1835	83
1836	29
1837	74
1838	139
1839	49
1840	24
1841	227
1842	130
1843	86
1844	218
1845	175
1846	94
1847	5
1848	230
1849	207
1850	75
1851	94
1852	209
1853	78
1854	100
1855	215
1856	32
1857	214
1858	26
1859	170
1860	227
1861	48
1862	224
1863	133
1864	202
1865	37
1866	59
1867	7
1868	133
1869	167
1870	167
1871	194
1872	4
1873	50
1874	68
1875	142
1876	61
1877	63
1878	214
1879	143
1880	165
1881	36
1882	213
1883	162
1884	23
1885	176
1886	164
1887	29
1888	150
1889	119
1890	11
1891	99
1892	90
1893	56
1894	41
1895	88
1896	210
1897	227
1898	24
1899	32
1900	146
1901	68
1902	100
1903	115
1904	26
1905	138
1906	101
1907	197
1908	197
1909	21
1910	150
1911	156
1912	13
1913	196
1914	110
1915	145
1916	122
1917	122
1918	139
1919	12
1920	98
1921	88
1922	215
1923	37
1924	94
1925	93
1926	169
1927	180
1928	150
1929	219
1930	60
1931	53
1932	228
1933	98
1934	32
1935	139
1936	185
1937	129
1938	202
1939	32
1940	82
1941	104
1942	199
1943	3
1944	172
1945	86
1946	48
1947	133
1948	47
1949	214
1950	23
1951	160
1952	88
1953	202
1954	159
1955	36
1956	229
1957	193
1958	201
1959	78
1960	51
1961	218
1962	155
1963	82
1964	7
1965	10
1966	178
1967	113
1968	37
1969	161
1970	182
1971	101
1972	160
1973	175
1974	161
1975	73
1976	175
1977	7
1978	113
1979	201
1980	20
1981	139
1982	76
1983	95
1984	116
1985	136
1986	96
1987	26
1988	55
1989	108
1990	113
1991	118
1992	41
1993	91
1994	164
1995	116
1996	161
1997	53
1998	180
1999	71
2000	177
2001	78
2002	101
2003	143
2004	202
2005	4
2006	187
2007	160
2008	74
2009	165
2010	88
2011	110
2012	86
2013	53
2014	20
2015	175
2016	172
2017	55
2018	103
2019	81
2020	62
2021	161
2022	44
2023	23
2024	115
2025	203
2026	208
2027	222
2028	95
2029	70
2030	197
2031	53
2032	100
2033	177
2034	80
2035	34
2036	190
2037	100
2038	47
2039	75
2040	74
2041	4
2042	187
2043	130
2044	137
2045	19
2046	161
2047	191
2048	28
2049	168
2050	95
2051	63
2052	124
2053	58
2054	185
2055	211
2056	33
2057	41
2058	187
2059	26
2060	26
2061	90
2062	81
2063	153
2064	36
2065	67
2066	104
2067	19
2068	189
2069	180
2070	132
2071	76
2072	115
2073	176
2074	94
2075	34
2076	135
2077	3
2078	127
2079	151
2080	89
2081	133
2082	153
2083	44
2084	185
2085	208
2086	94
2087	24
2088	91
2089	100
2090	184
2091	29
2092	41
2093	116
2094	26
2095	129
2096	163
2097	125
2098	84
2099	7
2100	96
2101	102
2102	90
2103	63
2104	215
2105	15
2106	120
2107	216
2108	141
2109	132
2110	132
2111	10
2112	135
2113	170
2114	217
2115	190
2116	93
2117	221
2118	64
2119	3
2120	7
2121	181
2122	170
2123	84
2124	62
2125	32
2126	104
2127	104
2128	194
2129	213
2130	51
2131	36
2132	150
2133	160
2134	153
2135	52
2136	225
2137	180
2138	45
2139	187
2140	4
2141	40
2142	216
2143	113
2144	184
2145	187
2146	41
2147	121
2148	160
2149	29
2150	125
2151	194
2152	4
2153	26
2154	219
2155	134
2156	90
2157	160
2158	88
2159	115
2160	168
2161	78
2162	7
2163	219
2164	117
2165	10
2166	172
2167	155
2168	17
2169	98
2170	104
2171	188
2172	202
2173	147
2174	4
2175	187
2176	15
2177	22
2178	46
2179	97
2180	84
2181	43
2182	71
2183	88
2184	194
2185	214
2186	9
2187	82
2188	162
2189	21
2190	19
2191	70
2192	180
2193	40
2194	3
2195	78
2196	206
2197	172
2198	228
2199	32
2200	142
2201	208
2202	23
2203	175
2204	220
2205	88
2206	144
2207	41
2208	88
2209	224
2210	116
2211	139
2212	179
2213	147
2214	214
2215	132
2216	164
2217	138
2218	129
2219	161
2220	67
2221	13
2222	50
2223	206
2224	190
2225	97
2226	201
2227	200
2228	88
2229	206
2230	172
2231	112
2232	161
2233	116
2234	5
2235	119
2236	153
2237	41
2238	75
2239	40
2240	162
2241	151
2242	101
2243	38
2244	214
2245	215
2246	27
2247	7
2248	22
2249	160
2250	77
2251	65
2252	124
2253	184
2254	125
2255	119
2256	196
2257	164
2258	57
2259	115
2260	161
2261	100
2262	68
2263	213
2264	107
2265	101
2266	119
2267	57
2268	114
2269	92
2270	190
2271	185
2272	203
2273	210
2274	79
2275	37
2276	75
2277	172
2278	177
2279	192
2280	132
2281	4
2282	210
2283	151
2284	75
2285	191
2286	26
2287	165
2288	116
2289	65
2290	79
2291	23
2292	14
2293	199
2294	112
2295	178
2296	189
2297	210
2298	96
2299	66
2300	214
2301	88
2302	168
2303	4
2304	197
2305	2
2306	165
2307	225
2308	172
2309	102
2310	55
2311	141
2312	124
2313	193
2314	4
2315	76
2316	129
2317	197
2318	128
2319	227
2320	110
2321	55
2322	143
2323	185
2324	138
2325	193
2326	102
2327	81
2328	161
2329	230
2330	142
2331	61
2332	163
2333	202
2334	60
2335	90
2336	89
2337	143
2338	164
2339	74
2340	37
2341	26
2342	131
2343	193
2344	74
2345	37
2346	107
2347	28
2348	27
2349	65
2350	229
2351	185
2352	64
2353	201
2354	219
2355	133
2356	7
2357	19
2358	124
2359	138
2360	189
2361	47
2362	131
2363	75
2364	153
2365	201
2366	207
2367	23
2368	219
2369	86
2370	192
2371	111
2372	193
2373	37
2374	82
2375	165
2376	53
2377	122
2378	139
2379	82
2380	190
2381	23
2382	150
2383	230
2384	203
2385	98
2386	46
2387	23
2388	74
2389	184
2390	124
2391	61
2392	5
2393	46
2394	167
2395	82
2396	185
2397	59
2398	75
2399	20
2400	169
2401	50
2402	89
2403	99
2404	179
2405	102
2406	107
2407	4
2408	10
2409	156
2410	193
2411	73
2412	91
2413	7
2414	190
2415	68
2416	141
2417	172
2418	5
2419	196
2420	78
2421	21
2422	201
2423	216
2424	28
2425	185
2426	32
2427	191
2428	221
2429	169
2430	222
2431	135
2432	159
2433	9
2434	4
2435	111
2436	138
2437	31
2438	209
2439	185
2440	185
2441	63
2442	94
2443	19
2444	175
2445	173
2446	68
2447	61
2448	90
2449	7
2450	37
2451	31
2452	230
2453	216
2454	120
2455	89
2456	62
2457	44
2458	139
2459	106
2460	17
2461	110
2462	63
2463	94
2464	144
2465	178
2466	195
2467	98
2468	95
2469	209
2470	160
2471	155
2472	158
2473	136
2474	75
2475	192
2476	219
2477	149
2478	215
2479	204
2480	70
2481	155
2482	19
2483	167
2484	169
2485	74
2486	159
2487	170
2488	175
2489	113
2490	224
2491	133
2492	12
2493	91
2494	29
2495	110
2496	88
2497	102
2498	29
2499	133
2500	112
2501	178
2502	149
2503	160
2504	199
2505	199
2506	164
2507	41
2508	40
2509	122
2510	43
2511	194
2512	75
2513	24
2514	61
2515	159
2516	180
2517	192
2518	166
2519	86
2520	179
2521	73
2522	7
2523	176
2524	230
2525	122
2526	44
2527	156
2528	55
2529	94
2530	77
2531	94
2532	147
2533	93
2534	104
2535	219
2536	162
2537	133
2538	211
2539	112
2540	205
2541	25
2542	172
2543	100
2544	205
2545	93
2546	110
2547	44
2548	145
2549	87
2550	127
2551	40
2552	15
2553	161
2554	137
2555	82
2556	46
2557	154
2558	60
2559	196
2560	7
2561	160
2562	94
2563	53
2564	157
2565	101
2566	95
2567	21
2568	218
2569	70
2570	143
2571	218
2572	138
2573	100
2574	64
2575	67
2576	192
2577	118
2578	108
2579	229
2580	159
2581	91
2582	213
2583	159
2584	74
2585	113
2586	122
2587	141
2588	104
2589	41
2590	135
2591	208
2592	7
2593	44
2594	176
2595	45
2596	60
2597	143
2598	3
2599	22
2600	138
2601	170
2602	25
2603	187
2604	71
2605	152
2606	37
2607	88
2608	202
2609	87
2610	90
2611	127
2612	100
2613	176
2614	175
2615	44
2616	108
2617	210
2618	121
2619	218
2620	169
2621	187
2622	104
2623	15
2624	35
2625	208
2626	17
2627	204
2628	35
2629	7
2630	95
2631	94
2632	148
2633	27
2634	3
2635	70
2636	230
2637	36
2638	197
2639	161
2640	88
2641	113
2642	199
2643	136
2644	23
2645	88
2646	214
2647	170
2648	34
2649	62
2650	55
2651	84
2652	201
2653	69
2654	47
2655	104
2656	164
2657	201
2658	122
2659	165
2660	138
2661	164
2662	58
2663	111
2664	160
2665	77
2666	101
2667	95
2668	71
2669	162
2670	21
2671	226
2672	37
2673	199
2674	194
2675	124
2676	78
2677	4
2678	152
2679	89
2680	74
2681	76
2682	41
2683	36
2684	81
2685	227
2686	156
2687	6
2688	119
2689	91
2690	209
2691	133
2692	63
2693	181
2694	36
2695	41
2696	115
2697	162
2698	227
2699	170
2700	19
2701	48
2702	98
2703	95
2704	160
2705	229
2706	218
2707	206
2708	6
2709	113
2710	148
2711	82
2712	190
2713	15
2714	117
2715	225
2716	111
2717	101
2718	37
2719	23
2720	133
2721	105
2722	44
2723	168
2724	55
2725	169
2726	131
2727	230
2728	86
2729	196
2730	128
2731	161
2732	118
2733	147
2734	149
2735	84
2736	51
2737	161
2738	184
2739	181
2740	230
2741	148
2742	220
2743	1
2744	178
2745	61
2746	145
2747	178
2748	57
2749	38
2750	40
2751	227
2752	139
2753	218
2754	66
2755	193
2756	115
2757	106
2758	26
2759	221
2760	165
2761	76
2762	82
2763	64
2764	38
2765	17
2766	159
2767	214
2768	1
2769	124
2770	113
2771	190
2772	218
2773	144
2774	76
2775	88
2776	101
2777	7
2778	179
2779	121
2780	41
2781	66
2782	63
2783	74
2784	221
2785	110
2786	41
2787	193
2788	225
2789	133
2790	133
2791	104
2792	185
2793	129
2794	93
2795	98
2796	47
2797	20
2798	226
2799	46
2800	205
2801	94
2802	180
2803	184
2804	54
2805	82
2806	218
2807	197
2808	206
2809	120
2810	212
2811	161
2812	100
2813	101
2814	104
2815	209
2816	26
2817	201
2818	41
2819	83
2820	41
2821	64
2822	101
2823	175
2824	209
2825	89
2826	139
2827	34
2828	219
2829	106
2830	138
2831	219
2832	44
2833	7
2834	186
2835	116
2836	26
2837	12
2838	43
2839	202
2840	63
2841	17
2842	196
2843	184
2844	99
2845	230
2846	10
2847	104
2848	121
2849	94
2850	218
2851	151
2852	209
2853	141
2854	225
2855	35
2856	55
2857	23
2858	47
2859	16
2860	223
2861	171
2862	145
2863	64
2864	138
2865	170
2866	214
2867	202
2868	48
2869	4
2870	145
2871	23
2872	74
2873	130
2874	140
2875	129
2876	40
2877	193
2878	29
2879	143
2880	100
2881	86
2882	61
2883	98
2884	211
2885	81
2886	229
2887	159
2888	80
2889	176
2890	116
2891	168
2892	18
2893	40
2894	63
2895	52
2896	151
2897	170
2898	213
2899	78
2900	225
2901	88
2902	162
2903	75
2904	121
2905	88
2906	10
2907	4
2908	49
2909	172
2910	145
2911	208
2912	162
2913	132
2914	163
2915	197
2916	154
2917	62
2918	29
2919	190
2920	70
2921	220
2922	126
2923	63
2924	29
2925	160
2926	155
2927	36
2928	84
2929	4
2930	178
2931	203
2932	102
2933	98
2934	51
2935	95
2936	133
2937	169
2938	212
2939	68
2940	184
2941	172
2942	214
2943	71
2944	163
2945	194
2946	218
2947	75
2948	230
2949	125
2950	208
2951	97
2952	55
2953	223
2954	221
2955	86
2956	220
2957	78
2958	195
2959	15
2960	192
2961	118
2962	193
2963	224
2964	219
2965	208
2966	145
2967	131
2968	39
2969	172
2970	23
2971	184
2972	154
2973	22
2974	205
2975	153
2976	15
2977	186
2978	196
2979	63
2980	58
2981	81
2982	58
2983	54
2984	24
2985	36
2986	47
2987	47
2988	140
2989	15
2990	85
2991	113
2992	123
2993	90
2994	161
2995	209
2996	158
2997	105
2998	23
2999	25
3000	62
3001	66
3002	119
3003	111
3004	64
3005	31
3006	70
3007	49
3008	159
3009	213
3010	172
3011	229
3012	31
3013	26
3014	66
3015	206
3016	230
3017	197
3018	193
3019	184
3020	4
3021	179
3022	123
3023	136
3024	92
3025	110
3026	168
3027	10
3028	31
3029	142
3030	130
3031	2
3032	101
3033	121
3034	63
3035	143
3036	72
3037	157
3038	160
3039	100
3040	10
3041	162
3042	214
3043	41
3044	117
3045	88
3046	48
3047	29
3048	37
3049	32
3050	33
3051	206
3052	175
3053	85
3054	189
3055	154
3056	196
3057	219
3058	28
3059	193
3060	218
3061	98
3062	27
3063	78
3064	15
3065	218
3066	49
3067	141
3068	29
3069	40
3070	206
3071	69
3072	64
3073	202
3074	27
3075	200
3076	55
3077	112
3078	108
3079	207
3080	218
3081	126
3082	205
3083	141
3084	49
3085	170
3086	142
3087	224
3088	121
3089	102
3090	80
3091	206
3092	69
3093	154
3094	89
3095	93
3096	62
3097	96
3098	215
3099	180
3100	228
3101	8
3102	194
3103	3
3104	147
3105	48
3106	119
3107	95
3108	68
3109	122
3110	182
3111	151
3112	147
3113	193
3114	26
3115	200
3116	90
3117	180
3118	147
3119	7
3120	103
3121	143
3122	201
3123	160
3124	60
3125	94
3126	134
3127	3
3128	208
3129	213
3130	91
3131	136
3132	213
3133	7
3134	75
3135	226
3136	18
3137	193
3138	7
3139	5
3140	5
3141	116
3142	56
3143	94
3144	95
3145	159
3146	161
3147	227
3148	201
3149	194
3150	142
3151	41
3152	162
3153	173
3154	5
3155	37
3156	42
3157	4
3158	193
3159	214
3160	129
3161	113
3162	18
3163	74
3164	52
3165	209
3166	179
3167	227
3168	96
3169	175
3170	150
3171	163
3172	160
3173	19
3174	187
3175	99
3176	94
3177	37
3178	155
3179	40
3180	194
3181	162
3182	174
3183	91
3184	7
3185	193
3186	211
3187	213
3188	189
3189	199
3190	61
3191	229
3192	209
3193	193
3194	185
3195	202
3196	86
3197	182
3198	193
3199	171
3200	175
3201	66
3202	65
3203	26
3204	146
3205	128
3206	182
3207	129
3208	78
3209	47
3210	61
3211	190
3212	210
3213	164
3214	66
3215	16
3216	213
3217	212
3218	49
3219	35
3220	61
3221	142
3222	152
3223	63
3224	44
3225	100
3226	19
3227	149
3228	4
3229	7
3230	160
3231	228
3232	164
3233	199
3234	170
3235	230
3236	106
3237	101
3238	219
3239	149
3240	99
3241	23
3242	224
3243	162
3244	160
3245	199
3246	1
3247	196
3248	147
3249	32
3250	127
3251	118
3252	161
3253	5
3254	230
3255	192
3256	65
3257	112
3258	211
3259	225
3260	194
3261	34
3262	1
3263	84
3264	82
3265	175
3266	117
3267	68
3268	178
3269	7
3270	190
3271	201
3272	211
3273	10
3274	14
3275	229
3276	96
3277	94
3278	70
3279	47
3280	4
3281	176
3282	133
3283	94
3284	128
3285	213
3286	91
3287	124
3288	228
3289	202
3290	88
3291	7
3292	23
3293	193
3294	25
3295	99
3296	4
3297	147
3298	227
3299	224
3300	74
3301	86
3302	230
3303	175
3304	24
3305	23
3306	101
3307	161
3308	143
3309	184
3310	191
3311	115
3312	191
3313	49
3314	3
3315	98
3316	29
3317	81
3318	120
3319	123
3320	114
3321	10
3322	4
3323	105
3324	227
3325	193
3326	202
3327	132
3328	212
3329	31
3330	20
3331	84
3332	201
3333	118
3334	9
3335	10
3336	157
3337	170
3338	89
3339	142
3340	66
3341	3
3342	132
3343	8
3344	10
3345	115
3346	22
3347	228
3348	210
3349	91
3350	46
3351	48
3352	162
3353	41
3354	208
3355	142
3356	139
3357	139
3358	91
3359	225
3360	206
3361	76
3362	228
3363	36
3364	203
3365	1
3366	65
3367	105
3368	143
3369	230
3370	220
3371	202
3372	215
3373	217
3374	15
3375	183
3376	70
3377	190
3378	55
3379	138
3380	125
3381	204
3382	95
3383	121
3384	63
3385	144
3386	47
3387	41
3388	145
3389	70
3390	147
3391	193
3392	118
3393	151
3394	218
3395	220
3396	164
3397	94
3398	35
3399	81
3400	64
3401	52
3402	197
3403	104
3404	202
3405	9
3406	15
3407	191
3408	104
3409	156
3410	76
3411	217
3412	185
3413	96
3414	189
3415	36
3416	92
3417	199
3418	44
3419	10
3420	79
3421	90
3422	24
3423	94
3424	3
3425	193
3426	135
3427	4
3428	20
3429	119
3430	144
3431	95
3432	169
3433	193
3434	229
3435	108
3436	96
3437	22
3438	142
3439	76
3440	71
3441	55
3442	1
3443	225
3444	74
3445	88
3446	76
3447	14
3448	2
3449	181
3450	220
3451	202
3452	169
3453	23
3454	119
3455	4
3456	224
3457	148
3458	221
3459	175
3460	228
3461	207
3462	154
3463	122
3464	115
3465	180
3466	217
3467	178
3468	40
3469	211
3470	116
3471	97
3472	48
3473	64
3474	166
3475	176
3476	36
3477	101
3478	215
3479	147
3480	32
3481	190
3482	230
3483	4
3484	186
3485	172
3486	143
3487	36
3488	129
3489	166
3490	101
3491	208
3492	179
3493	53
3494	86
3495	90
3496	178
3497	210
3498	117
3499	181
3500	131
3501	53
3502	61
3503	29
3504	61
3505	184
3506	218
3507	104
3508	70
3509	98
3510	199
3511	7
3512	104
3513	49
3514	101
3515	91
3516	188
3517	48
3518	3
3519	88
3520	208
3521	213
3522	164
3523	185
3524	168
3525	227
3526	1
3527	206
3528	230
3529	118
3530	141
3531	4
3532	59
3533	133
3534	27
3535	36
3536	112
3537	201
3538	23
3539	190
3540	120
3541	33
3542	172
3543	64
3544	95
3545	79
3546	88
3547	80
3548	208
3549	193
3550	61
3551	195
3552	91
3553	150
3554	84
3555	63
3556	147
3557	114
3558	15
3559	7
3560	95
3561	153
3562	7
3563	213
3564	94
3565	61
3566	147
3567	208
3568	89
3569	122
3570	95
3571	23
3572	20
3573	112
3574	32
3575	142
3576	7
3577	161
3578	162
3579	178
3580	180
3581	144
3582	214
3583	112
3584	47
3585	45
3586	164
3587	74
3588	124
3589	101
3590	122
3591	65
3592	24
3593	190
3594	217
3595	171
3596	97
3597	223
3598	90
3599	108
3600	37
3601	214
3602	101
3603	183
3604	24
3605	61
3606	107
3607	82
3608	209
3609	4
3610	222
3611	194
3612	63
3613	22
3614	133
3615	56
3616	225
3617	143
3618	48
3619	15
3620	149
3621	138
3622	7
3623	62
3624	1
3625	159
3626	175
3627	121
3628	152
3629	160
3630	78
3631	44
3632	214
3633	175
3634	138
3635	72
3636	122
3637	212
3638	191
3639	169
3640	100
3641	224
3642	153
3643	71
3644	23
3645	120
3646	40
3647	138
3648	211
3649	223
3650	73
3651	205
3652	21
3653	34
3654	227
3655	55
3656	93
3657	59
3658	22
3659	48
3660	160
3661	98
3662	212
3663	189
3664	220
3665	106
3666	22
3667	32
3668	139
3669	32
3670	152
3671	120
3672	132
3673	7
3674	62
3675	32
3676	21
3677	138
3678	55
3679	175
3680	74
3681	175
3682	10
3683	120
3684	44
3685	102
3686	98
3687	203
3688	29
3689	170
3690	76
3691	33
3692	207
3693	133
3694	37
3695	40
3696	106
3697	139
3698	31
3699	190
3700	215
3701	197
3702	51
3703	41
3704	191
3705	230
3706	49
3707	206
3708	209
3709	32
3710	165
3711	75
3712	44
3713	60
3714	227
3715	71
3716	171
3717	178
3718	47
3719	113
3720	224
3721	36
3722	60
3723	41
3724	176
3725	161
3726	55
3727	188
3728	69
3729	108
3730	64
3731	82
3732	126
3733	220
3734	47
3735	201
3736	88
3737	29
3738	120
3739	167
3740	37
3741	136
3742	5
3743	88
3744	210
3745	40
3746	193
3747	227
3748	100
3749	116
3750	2
3751	29
3752	202
3753	146
3754	25
3755	151
3756	121
3757	178
3758	42
3759	151
3760	197
3761	28
3762	116
3763	40
3764	113
3765	175
3766	61
3767	125
3768	215
3769	164
3770	76
3771	102
3772	29
3773	180
3774	147
3775	218
3776	22
3777	111
3778	137
3779	193
3780	51
3781	73
3782	219
3783	29
3784	89
3785	145
3786	180
3787	65
3788	142
3789	159
3790	88
3791	81
3792	197
3793	224
3794	116
3795	120
3796	218
3797	87
3798	32
3799	65
3800	182
3801	125
3802	30
3803	18
3804	182
3805	104
3806	10
3807	52
3808	109
3809	160
3810	10
3811	218
3812	201
3813	127
3814	222
3815	69
3816	35
3817	130
3818	209
3819	202
3820	158
3821	36
3822	95
3823	101
3824	88
3825	67
3826	22
3827	208
3828	90
3829	161
3830	88
3831	75
3832	186
3833	178
3834	2
3835	169
3836	161
3837	9
3838	31
3839	189
3840	219
3841	14
3842	122
3843	146
3844	85
3845	57
3846	205
3847	170
3848	135
3849	35
3850	25
3851	75
3852	92
3853	201
3854	184
3855	80
3856	64
3857	105
3858	176
3859	170
3860	166
3861	44
3862	102
3863	5
3864	169
3865	151
3866	10
3867	169
3868	84
3869	211
3870	82
3871	37
3872	10
3873	82
3874	173
3875	215
3876	24
3877	189
3878	11
3879	137
3880	4
3881	82
3882	62
3883	172
3884	133
3885	138
3886	106
3887	215
3888	108
3889	68
3890	177
3891	170
3892	74
3893	221
3894	98
3895	101
3896	90
3897	18
3898	5
3899	152
3900	78
3901	65
3902	146
3903	124
3904	161
3905	41
3906	99
3907	156
3908	193
3909	181
3910	205
3911	115
3912	175
3913	182
3914	115
3915	32
3916	143
3917	24
3918	133
3919	15
3920	200
3921	7
3922	199
3923	101
3924	146
3925	125
3926	55
3927	76
3928	154
3929	227
3930	130
3931	42
3932	60
3933	155
3934	116
3935	147
3936	104
3937	10
3938	193
3939	155
3940	191
3941	98
3942	39
3943	143
3944	185
3945	124
3946	115
3947	176
3948	86
3949	77
3950	106
3951	72
3952	121
3953	207
3954	133
3955	169
3956	210
3957	121
3958	221
3959	76
3960	87
3961	199
3962	170
3963	36
3964	75
3965	154
3966	124
3967	68
3968	208
3969	142
3970	64
3971	93
3972	52
3973	134
3974	17
3975	206
3976	188
3977	1
3978	228
3979	63
3980	198
3981	207
3982	121
3983	139
3984	47
3985	71
3986	84
3987	176
3988	10
3989	184
3990	133
3991	206
3992	152
3993	80
3994	110
3995	153
3996	216
3997	215
3998	98
3999	159
4000	64
4001	180
4002	125
4003	179
4004	209
4005	93
4006	94
4007	69
4008	129
4009	94
4010	212
4011	213
4012	98
4013	192
4014	70
4015	163
4016	10
4017	90
4018	143
4019	63
4020	230
4021	37
4022	13
4023	199
4024	104
4025	190
4026	15
4027	62
4028	188
4029	66
4030	1
4031	33
4032	151
4033	112
4034	214
4035	154
4036	41
4037	194
4038	10
4039	16
4040	70
4041	10
4042	32
4043	38
4044	187
4045	152
4046	143
4047	209
4048	76
4049	107
4050	37
4051	82
4052	197
4053	93
4054	202
4055	123
4056	91
4057	34
4058	124
4059	176
4060	93
4061	46
4062	211
4063	201
4064	90
4065	122
4066	139
4067	208
4068	47
4069	193
4070	229
4071	40
4072	157
4073	185
4074	79
4075	143
4076	199
4077	18
4078	103
4079	194
4080	55
4081	225
4082	61
4083	208
4084	5
4085	192
4086	12
4087	24
4088	44
4089	122
4090	153
4091	85
4092	176
4093	65
4094	78
4095	207
4096	176
4097	81
4098	47
4099	217
4100	113
4101	192
4102	23
4103	8
4104	185
4105	39
4106	161
4107	15
4108	26
4109	4
4110	164
4111	75
4112	94
4113	194
4114	122
4115	55
4116	84
4117	159
4118	94
4119	208
4120	103
4121	164
4122	130
4123	185
4124	150
4125	98
4126	193
4127	81
4128	180
4129	198
4130	184
4131	116
4132	44
4133	115
4134	25
4135	7
4136	206
4137	194
4138	144
4139	229
4140	190
4141	199
4142	142
4143	90
4144	183
4145	143
4146	2
4147	75
4148	41
4149	100
4150	31
4151	196
4152	109
4153	196
4154	193
4155	160
4156	170
4157	95
4158	75
4159	190
4160	171
4161	217
4162	88
4163	25
4164	66
4165	119
4166	5
4167	103
4168	226
4169	161
4170	146
4171	198
4172	165
4173	221
4174	153
4175	40
4176	145
4177	71
4178	61
4179	119
4180	23
4181	102
4182	185
4183	172
4184	121
4185	177
4186	214
4187	131
4188	227
4189	200
4190	7
4191	184
4192	230
4193	199
4194	226
4195	29
4196	29
4197	199
4198	164
4199	208
4200	60
4201	218
4202	143
4203	213
4204	37
4205	83
4206	207
4207	204
4208	108
4209	41
4210	218
4211	75
4212	88
4213	193
4214	127
4215	150
4216	55
4217	22
4218	185
4219	93
4220	37
4221	171
4222	28
4223	47
4224	78
4225	124
4226	167
4227	162
4228	214
4229	4
4230	41
4231	175
4232	229
4233	161
4234	229
4235	221
4236	15
4237	208
4238	190
4239	166
4240	223
4241	50
4242	68
4243	186
4244	105
4245	40
4246	175
4247	6
4248	175
4249	151
4250	178
4251	176
4252	59
4253	166
4254	124
4255	166
4256	176
4257	68
4258	117
4259	3
4260	26
4261	199
4262	82
4263	19
4264	156
4265	31
4266	32
4267	170
4268	155
4269	153
4270	176
4271	184
4272	228
4273	94
4274	196
4275	71
4276	138
4277	38
4278	6
4279	194
4280	20
4281	32
4282	218
4283	108
4284	224
4285	164
4286	31
4287	61
4288	109
4289	62
4290	55
4291	36
4292	96
4293	90
4294	177
4295	72
4296	86
4297	189
4298	15
4299	163
4300	198
4301	101
4302	29
4303	210
4304	178
4305	76
4306	230
4307	142
4308	98
4309	37
4310	60
4311	180
4312	4
4313	160
4314	184
4315	229
4316	91
4317	100
4318	65
4319	172
4320	3
4321	176
4322	88
4323	88
4324	88
4325	149
4326	139
4327	200
4328	196
4329	63
4330	64
4331	75
4332	8
4333	63
4334	204
4335	200
4336	36
4337	70
4338	147
4339	107
4340	51
4341	70
4342	19
4343	24
4344	201
4345	162
4346	129
4347	124
4348	190
4349	208
4350	29
4351	61
4352	93
4353	175
4354	47
4355	31
4356	41
4357	5
4358	204
4359	198
4360	122
4361	60
4362	31
4363	191
4364	190
4365	230
4366	204
4367	214
4368	63
4369	8
4370	156
4371	32
4372	192
4373	204
4374	130
4375	88
4376	81
4377	115
4378	113
4379	194
4380	94
4381	160
4382	90
4383	161
4384	148
4385	132
4386	94
4387	209
4388	115
4389	150
4390	138
4391	49
4392	215
4393	201
4394	202
4395	218
4396	199
4397	132
4398	199
4399	15
4400	199
4401	218
4402	218
4403	25
4404	209
4405	81
4406	42
4407	10
4408	185
4409	106
4410	190
4411	40
4412	221
4413	187
4414	5
4415	172
4416	194
4417	197
4418	160
4419	5
4420	214
4421	162
4422	128
4423	207
4424	97
4425	218
4426	94
4427	95
4428	192
4429	170
4430	214
4431	199
4432	43
4433	51
4434	160
4435	170
4436	82
4437	174
4438	6
4439	63
4440	172
4441	218
4442	37
4443	81
4444	219
4445	69
4446	36
4447	161
4448	29
4449	165
4450	196
4451	191
4452	218
4453	5
4454	191
4455	65
4456	22
4457	94
4458	185
4459	153
4460	68
4461	37
4462	122
4463	202
4464	217
4465	63
4466	32
4467	22
4468	75
4469	90
4470	177
4471	199
4472	142
4473	194
4474	133
4475	160
4476	201
4477	103
4478	41
4479	73
4480	40
4481	153
4482	90
4483	162
4484	201
4485	214
4486	41
4487	4
4488	49
4489	37
4490	55
4491	138
4492	68
4493	189
4494	86
4495	66
4496	159
4497	22
4498	64
4499	7
4500	185
4501	26
4502	44
4503	10
4504	151
4505	77
4506	62
4507	61
4508	20
4509	216
4510	70
4511	112
4512	120
4513	94
4514	194
4515	170
4516	26
4517	52
4518	12
4519	21
4520	156
4521	62
4522	1
4523	226
4524	36
4525	155
4526	141
4527	95
4528	194
4529	222
4530	215
4531	93
4532	65
4533	125
4534	88
4535	26
4536	185
4537	158
4538	83
4539	84
4540	170
4541	190
4542	152
4543	85
4544	104
4545	197
4546	138
4547	110
4548	171
4549	94
4550	88
4551	197
4552	22
4553	65
4554	208
4555	74
4556	106
4557	133
4558	200
4559	64
4560	154
4561	110
4562	163
4563	222
4564	196
4565	55
4566	172
4567	32
4568	184
4569	97
4570	202
4571	103
4572	124
4573	55
4574	2
4575	24
4576	43
4577	108
4578	132
4579	101
4580	55
4581	78
4582	88
4583	161
4584	133
4585	18
4586	119
4587	90
4588	60
4589	170
4590	57
4591	47
4592	161
4593	202
4594	70
4595	185
4596	109
4597	112
4598	220
4599	185
4600	194
4601	113
4602	7
4603	122
4604	93
4605	133
4606	82
4607	160
4608	86
4609	187
4610	120
4611	151
4612	40
4613	130
4614	143
4615	4
4616	139
4617	208
4618	47
4619	179
4620	70
4621	34
4622	220
4623	52
4624	222
4625	130
4626	100
4627	63
4628	199
4629	77
4630	98
4631	206
4632	26
4633	208
4634	185
4635	32
4636	138
4637	115
4638	184
4639	123
4640	73
4641	212
4642	108
4643	76
4644	40
4645	76
4646	19
4647	151
4648	73
4649	98
4650	1
4651	13
4652	16
4653	60
4654	10
4655	77
4656	32
4657	100
4658	201
4659	4
4660	84
4661	104
4662	29
4663	160
4664	30
4665	230
4666	77
4667	59
4668	107
4669	70
4670	46
4671	132
4672	24
4673	29
4674	63
4675	155
4676	153
4677	225
4678	52
4679	214
4680	48
4681	124
4682	169
4683	172
4684	88
4685	145
4686	131
4687	212
4688	206
4689	131
4690	67
4691	132
4692	206
4693	143
4694	138
4695	220
4696	59
4697	202
4698	184
4699	31
4700	67
4701	196
4702	102
4703	104
4704	210
4705	194
4706	108
4707	91
4708	50
4709	211
4710	109
4711	180
4712	172
4713	100
4714	164
4715	91
4716	116
4717	49
4718	101
4719	54
4720	179
4721	209
4722	73
4723	122
4724	169
4725	189
4726	128
4727	151
4728	30
4729	195
4730	201
4731	48
4732	5
4733	199
4734	210
4735	163
4736	223
4737	65
4738	30
4739	199
4740	101
4741	29
4742	161
4743	3
4744	133
4745	40
4746	94
4747	40
4748	212
4749	29
4750	63
4751	180
4752	101
4753	102
4754	102
4755	81
4756	73
4757	158
4758	124
4759	190
4760	189
4761	75
4762	34
4763	155
4764	24
4765	16
4766	81
4767	161
4768	75
4769	172
4770	13
4771	78
4772	36
4773	229
4774	143
4775	32
4776	224
4777	221
4778	2
4779	93
4780	150
4781	47
4782	21
4783	88
4784	122
4785	218
4786	101
4787	139
4788	209
4789	130
4790	71
4791	55
4792	158
4793	215
4794	122
4795	75
4796	31
4797	15
4798	66
4799	108
4800	229
4801	105
4802	24
4803	166
4804	82
4805	36
4806	90
4807	225
4808	115
4809	153
4810	5
4811	44
4812	161
4813	225
4814	26
4815	37
4816	73
4817	15
4818	124
4819	118
4820	218
4821	159
4822	69
4823	180
4824	153
4825	93
4826	110
4827	104
4828	42
4829	3
4830	90
4831	74
4832	5
4833	143
4834	169
4835	62
4836	66
4837	155
4838	193
4839	47
4840	206
4841	172
4842	91
4843	192
4844	51
4845	99
4846	63
4847	228
4848	73
4849	127
4850	108
4851	197
4852	214
4853	7
4854	160
4855	46
4856	151
4857	42
4858	161
4859	175
4860	200
4861	94
4862	113
4863	60
4864	122
4865	153
4866	131
4867	133
4868	118
4869	19
4870	101
4871	145
4872	38
4873	44
4874	175
4875	134
4876	48
4877	110
4878	226
4879	108
4880	146
4881	23
4882	13
4883	29
4884	81
4885	175
4886	167
4887	87
4888	63
4889	68
4890	70
4891	143
4892	154
4893	170
4894	212
4895	95
4896	201
4897	60
4898	199
4899	100
4900	75
4901	48
4902	91
4903	93
4904	224
4905	162
4906	36
4907	20
4908	110
4909	74
4910	93
4911	32
4912	144
4913	74
4914	15
4915	63
4916	120
4917	20
4918	150
4919	189
4920	175
4921	127
4922	181
4923	182
4924	24
4925	172
4926	151
4927	229
4928	34
4929	164
4930	147
4931	72
4932	94
4933	62
4934	75
4935	78
4936	82
4937	184
4938	39
4939	125
4940	207
4941	48
4942	213
4943	138
4944	222
4945	144
4946	61
4947	183
4948	18
4949	149
4950	112
4951	164
4952	81
4953	194
4954	82
4955	129
4956	143
4957	175
4958	133
4959	15
4960	146
4961	62
4962	37
4963	23
4964	136
4965	76
4966	172
4967	24
4968	56
4969	185
4970	193
4971	124
4972	32
4973	220
4974	99
4975	15
4976	47
4977	50
4978	104
4979	216
4980	82
4981	124
4982	10
4983	113
4984	160
4985	221
4986	141
4987	60
4988	88
4989	175
4990	218
4991	93
4992	41
4993	136
4994	174
4995	168
4996	172
4997	210
4998	88
4999	150
5000	133
